# Title: PerfSnippet record
# Generated by: PerfSnippet
# Datetime: 20230314_201937
# Description: Some performance data of Android device
#
# ENABLE_DEBUG true ENABLE_MEMINFO true ENABLE_CPUINFO true CONFIG_PS_INTERVAL 2 CONFIG_PS_DURATION 1200
#
# Index MemFree(MB) MemAvai(MB) Usage(%) USR(%) SYS(%) Other(%) Idle(%)
1 753 4175 26.73 13.41 10.06 3.24 73.27
2 753 4175 6.82 2.06 4.22 0.51 93.18
3 752 4174 4.88 1.42 2.89 0.55 95.12
4 752 4175 6.64 2.41 3.53 0.68 93.36
5 750 4173 5.66 1.63 3.36 0.66 94.34
6 750 4172 7.07 2.15 4.04 0.86 92.93
7 750 4172 7.71 2.39 4.64 0.66 92.29
8 748 4171 4.91 1.58 2.55 0.76 95.09
9 803 4225 5.66 1.27 3.20 1.17 94.34
10 803 4226 4.69 1.52 2.59 0.56 95.31
11 803 4226 6.58 2.24 3.80 0.51 93.42
12 803 4226 4.85 1.37 2.96 0.51 95.15
13 801 4224 7.95 2.41 4.66 0.86 92.05
14 802 4225 5.10 1.68 2.75 0.66 94.90
15 799 4222 12.92 4.53 7.44 0.94 87.08
16 797 4220 5.09 1.57 2.90 0.61 94.91
17 797 4220 6.65 2.24 3.62 0.77 93.35
18 796 4220 4.90 1.68 2.65 0.56 95.10
19 796 4220 6.80 1.97 4.04 0.77 93.20
20 795 4218 5.04 1.47 3.00 0.55 94.96
21 796 4219 7.17 2.09 4.50 0.56 92.83
22 795 4218 4.46 1.27 2.71 0.46 95.54
23 794 4218 5.25 1.47 3.15 0.61 94.75
24 792 4216 7.38 2.40 4.45 0.51 92.62
25 793 4217 7.50 2.24 4.63 0.61 92.50
26 791 4215 9.57 3.27 5.43 0.86 90.43
27 792 4216 4.99 1.67 2.74 0.55 95.01
28 791 4215 7.12 2.05 4.45 0.60 92.88
29 791 4214 4.85 1.47 2.80 0.56 95.15
30 790 4214 7.80 2.82 4.28 0.68 92.20
31 788 4212 4.80 1.37 2.80 0.61 95.20
32 789 4213 6.48 2.32 3.62 0.51 93.52
33 788 4213 5.16 1.37 2.90 0.86 94.84
34 787 4212 4.95 1.47 2.75 0.71 95.05
35 787 4212 4.85 1.42 2.90 0.50 95.15
36 787 4212 7.31 2.75 3.98 0.56 92.69
37 786 4211 6.47 1.89 3.96 0.60 93.53
38 786 4211 7.68 2.59 4.47 0.61 92.32
39 786 4211 11.35 3.52 7.21 0.60 88.65
40 785 4210 4.79 1.68 2.59 0.50 95.21
41 785 4210 7.24 2.15 4.39 0.68 92.76
42 784 4209 7.88 2.24 4.70 0.92 92.12
43 781 4206 25.92 8.38 16.25 1.27 74.08
44 733 4175 13.70 3.88 7.10 2.70 86.30
45 724 4176 7.70 2.13 4.78 0.76 92.30
46 720 4172 11.50 4.15 6.67 0.66 88.50
47 321 3983 51.35 18.78 17.16 15.39 48.65
48 278 3930 34.45 15.58 11.38 7.47 65.55
49 164 3809 55.44 24.79 14.52 16.12 44.56
50 125 3731 55.54 20.29 16.47 18.77 44.46
51 95 3778 42.20 19.60 17.17 5.41 57.80
52 110 3775 30.90 13.21 8.25 9.43 69.10
53 155 3731 43.60 23.63 15.49 4.46 56.40
54 146 3712 37.82 17.80 14.10 5.90 62.18
55 136 3672 32.10 10.66 7.44 13.98 67.90
56 110 3583 58.36 27.91 16.11 14.32 41.64
57 163 3705 42.16 22.67 15.02 4.44 57.84
58 153 3682 28.23 14.51 10.87 2.83 71.77
59 162 3678 23.11 11.75 8.99 2.36 76.89
60 149 3644 33.00 13.53 8.81 10.64 67.00
61 128 3624 33.01 11.63 7.39 13.96 66.99
62 108 3599 32.25 11.39 6.80 14.05 67.75
63 120 3578 34.72 12.26 8.53 13.91 65.28
64 170 3719 35.13 12.97 8.06 14.07 64.87
65 168 3702 31.47 10.56 7.10 13.79 68.53
66 160 3666 32.20 11.68 6.50 14.00 67.80
67 93 3571 53.73 25.06 13.85 14.81 46.27
68 116 3572 37.58 17.16 11.12 9.28 62.42
69 118 3523 37.04 14.92 8.78 13.32 62.96
70 169 3650 40.80 16.13 10.95 13.69 59.20
71 155 3638 34.34 12.57 7.44 14.31 65.66
72 136 3581 36.44 13.56 8.42 14.44 63.56
73 110 3557 53.96 26.04 11.20 16.70 46.04
74 143 3670 40.48 14.74 11.17 14.55 59.52
75 123 3675 37.32 6.71 14.44 16.15 62.68
76 114 3649 24.88 5.46 5.76 13.64 75.12
77 114 3650 28.39 6.34 8.68 13.35 71.61
78 134 3595 37.09 15.48 13.00 8.59 62.91
79 101 3534 42.12 24.36 13.87 3.88 57.88
80 98 3464 22.55 12.14 8.38 2.00 77.45
81 176 3541 18.81 7.25 9.78 1.77 81.19
82 148 3512 20.03 9.98 6.95 3.07 79.97
83 126 3611 32.92 17.97 11.72 3.20 67.08
84 111 3583 25.84 12.17 10.63 3.03 74.16
85 119 3579 24.99 14.55 8.71 1.71 75.01
86 108 3540 32.36 19.15 11.64 1.56 67.64
87 113 3487 28.27 14.96 11.23 2.06 71.73
88 169 3604 26.05 13.44 7.87 4.71 73.95
89 180 3585 32.23 12.15 6.77 13.29 67.77
90 175 3566 33.56 11.96 8.20 13.38 66.44
91 164 3553 29.35 10.77 5.23 13.33 70.65
92 111 3498 42.87 18.50 10.71 13.64 57.13
93 160 3609 39.99 18.31 8.29 13.37 60.01
94 172 3623 35.97 15.84 8.45 11.65 64.03
95 113 3472 56.85 33.28 13.69 9.86 43.15
96 110 3437 53.70 27.66 11.96 14.06 46.30
97 114 3428 56.96 28.69 13.75 14.49 43.04
98 359 3481 64.41 32.86 16.54 14.99 35.59
99 283 3441 90.03 49.69 25.64 14.68 9.97
100 535 3694 57.15 28.84 19.00 9.29 42.85
101 529 3687 45.90 17.59 14.10 14.19 54.10
102 478 3640 53.01 24.62 14.31 14.06 46.99
103 448 3612 56.89 27.63 14.74 14.50 43.11
104 457 3618 48.85 20.43 14.01 14.40 51.15
105 452 3724 57.04 23.69 18.72 14.61 42.96
106 483 3785 46.39 17.54 16.33 12.50 53.61
107 473 3758 44.95 17.34 22.97 4.62 55.05
108 460 3756 38.49 17.73 18.76 1.98 61.51
109 458 3753 36.71 16.85 17.67 2.17 63.29
110 399 3681 47.41 23.16 20.57 3.66 52.59
111 393 3660 46.03 24.69 17.64 3.67 53.97
112 403 3656 54.24 27.88 21.48 4.85 45.76
113 391 3677 42.88 23.43 14.67 4.76 57.12
114 382 3670 43.46 26.31 14.84 2.29 56.54
115 467 3756 44.02 25.15 16.18 2.68 55.98
116 467 3742 43.72 23.96 16.47 3.28 56.28
117 467 3729 43.17 23.32 16.30 3.54 56.83
118 425 3667 47.08 20.61 12.24 14.21 52.92
119 436 3683 38.41 16.58 8.48 13.32 61.59
120 471 3829 40.40 16.58 10.01 13.79 59.60
121 429 3774 39.62 16.12 9.69 13.79 60.38
122 440 3751 41.14 15.17 12.22 13.73 58.86
123 417 3702 32.30 12.45 6.45 13.39 67.70
124 413 3683 33.50 12.88 7.40 13.20 66.50
125 397 3639 38.03 15.87 8.66 13.48 61.97
126 475 3770 36.11 15.06 7.80 13.22 63.89
127 558 3839 31.44 11.38 7.22 12.82 68.56
128 514 3782 39.77 23.73 12.60 3.42 60.23
129 508 3761 26.68 14.30 10.92 1.43 73.32
130 487 3724 20.23 10.33 7.81 2.06 79.77
131 502 3819 28.26 14.41 12.60 1.23 71.74
132 503 3806 29.77 16.39 11.91 1.45 70.23
133 469 3720 40.56 21.83 12.27 6.44 59.44
134 414 3641 38.40 16.41 7.34 14.63 61.60
135 424 3638 35.18 14.23 7.28 13.65 64.82
136 421 3730 30.98 10.70 6.24 14.02 69.02
137 419 3728 32.44 12.03 6.82 13.57 67.56
138 432 3728 28.22 9.58 5.36 13.26 71.78
139 377 3635 39.08 15.25 10.00 13.82 60.92
140 422 3786 30.80 7.25 8.50 15.05 69.20
141 432 3761 34.79 7.11 12.13 15.53 65.21
142 414 3761 21.28 3.52 4.68 13.05 78.72
143 358 3689 36.18 11.53 11.23 13.40 63.82
144 350 3683 45.23 21.44 9.78 13.99 54.77
145 337 3640 31.43 10.94 6.63 13.84 68.57
146 334 3622 29.32 12.38 9.23 7.69 70.68
147 313 3550 34.56 18.70 12.38 3.46 65.44
148 298 3615 73.17 39.95 18.66 14.54 26.83
149 351 3655 53.23 24.71 14.32 14.18 46.77
150 338 3630 53.14 25.81 13.56 13.75 46.86
151 324 3601 50.40 23.20 13.23 13.95 49.60
152 314 3561 47.32 21.19 12.25 13.86 52.68
153 309 3542 49.11 20.38 15.33 13.38 50.89
154 325 3654 49.63 23.10 12.64 13.88 50.37
155 296 3611 45.85 19.62 12.64 13.57 54.15
156 290 3591 49.48 21.92 13.61 13.93 50.52
157 276 3576 49.38 21.86 13.65 13.85 50.62
158 536 3694 65.07 28.79 21.24 15.02 34.93
159 421 3585 50.78 24.18 12.51 14.07 49.22
160 386 3571 40.86 17.94 9.59 13.31 59.14
161 397 3709 44.49 18.50 14.48 11.50 55.51
162 388 3687 48.67 19.38 11.30 17.97 51.33
163 376 3661 44.97 16.41 12.13 16.41 55.03
164 370 3641 40.35 13.70 11.05 15.57 59.65
165 832 2318 47.35 17.47 13.70 16.16 52.65
166 1023 3062 71.22 34.29 20.09 16.83 28.78
167 1183 3667 59.21 26.77 15.69 16.73 40.79
168 1185 3654 41.01 17.11 8.38 15.50 58.99
169 1166 3623 39.22 14.23 9.74 15.23 60.78
170 1118 3527 48.49 21.73 13.30 13.44 51.51
171 1093 3465 48.54 22.80 20.01 5.71 51.46
172 1153 3639 45.89 20.19 20.04 5.65 54.11
173 1161 3634 43.95 15.14 21.67 7.13 56.05
174 1143 3622 40.46 17.29 18.14 5.02 59.54
175 1136 3616 45.33 19.12 22.26 3.94 54.67
176 1098 3565 50.08 23.21 21.83 5.02 49.92
177 1092 3530 38.23 19.40 13.99 4.82 61.77
178 1088 3513 39.81 21.94 14.41 3.43 60.19
179 1078 3474 37.47 19.35 14.08 4.03 62.53
180 1078 3554 38.51 19.72 14.42 4.35 61.49
181 1070 3533 43.87 23.24 14.74 5.86 56.13
182 1102 3556 40.14 20.68 13.13 6.30 59.86
183 1000 3427 52.27 28.38 18.06 5.82 47.73
184 894 3308 51.00 27.31 17.83 5.84 49.00
185 884 3284 49.41 26.00 18.66 4.74 50.59
186 1038 3427 43.68 22.83 15.65 5.18 56.32
187 1025 3400 54.86 28.91 20.52 5.40 45.14
188 992 3369 50.61 26.43 19.12 5.04 49.39
189 977 3318 42.15 22.96 14.03 5.15 57.85
190 973 3285 33.43 16.30 13.03 4.08 66.57
191 1156 3353 39.20 17.26 17.18 4.74 60.80
192 1217 3557 33.00 16.59 12.80 3.59 67.00
193 1262 3590 60.27 33.92 18.98 7.35 39.73
194 1274 3587 38.39 21.25 13.56 3.56 61.61
195 1056 3344 51.04 27.48 17.50 6.04 48.96
196 1014 3250 45.60 25.01 16.35 4.22 54.40
197 993 3217 53.46 32.05 17.34 4.05 46.54
198 1022 3335 42.07 23.45 14.48 4.12 57.93
199 984 3261 47.43 26.13 16.80 4.48 52.57
200 979 3226 29.04 16.03 10.41 2.59 70.96
201 993 3226 30.04 16.99 10.64 2.39 69.96
202 990 3209 33.87 17.48 13.44 2.92 66.13
203 977 3148 40.36 21.19 15.28 3.87 59.64
204 1038 3353 30.89 12.93 14.74 3.21 69.11
205 1018 3353 29.06 8.20 16.21 4.63 70.94
206 1025 3322 24.81 10.92 11.81 2.06 75.19
207 1020 3317 30.88 13.24 15.48 2.15 69.12
208 1048 3231 39.31 21.04 14.86 3.39 60.69
209 1101 3287 38.51 20.04 14.16 4.29 61.49
210 1097 3312 29.87 16.58 10.21 3.06 70.13
211 1092 3292 36.84 18.33 15.81 2.68 63.16
212 1082 3362 36.92 21.09 13.28 2.53 63.08
213 1092 3357 34.32 17.19 13.84 3.27 65.68
214 1073 3308 29.35 15.95 11.06 2.32 70.65
215 1087 3309 37.54 19.26 15.01 3.25 62.46
216 1065 3271 35.10 18.45 13.57 3.06 64.90
217 1070 3387 32.22 15.78 10.72 5.71 67.78
218 1082 3400 38.37 14.77 9.55 14.04 61.63
219 1075 3378 40.97 17.06 9.18 14.72 59.03
220 1072 3361 41.68 17.79 11.69 12.18 58.32
221 1067 3326 41.62 16.61 9.77 15.22 58.38
222 1065 3309 37.39 12.89 10.16 14.33 62.61
223 1122 3352 42.72 19.66 13.09 9.95 57.28
224 1124 3485 35.17 17.37 11.55 6.23 64.83
225 1099 3446 41.94 17.80 9.22 14.90 58.06
226 1108 3426 39.10 16.40 10.46 12.22 60.90
227 1109 3413 32.21 17.67 12.01 2.51 67.79
228 1064 3300 44.45 26.82 13.38 4.23 55.55
229 1055 3255 37.69 21.63 11.83 4.21 62.31
230 1069 3411 39.71 17.33 10.56 11.80 60.29
231 1049 3362 43.29 17.85 10.82 14.60 56.71
232 1061 3358 42.29 17.12 11.03 14.12 57.71
233 1035 3280 41.39 17.22 9.36 14.79 58.61
234 896 3153 61.54 25.79 17.90 17.83 38.46
235 856 3107 44.42 18.79 13.35 12.26 55.58
236 890 3265 44.15 11.71 15.75 16.66 55.85
237 855 3238 35.24 9.68 12.57 12.97 64.76
238 839 3243 26.48 11.21 12.46 2.80 73.52
239 837 3240 40.88 12.24 13.96 14.66 59.12
240 783 3161 47.50 23.27 9.82 14.40 52.50
241 777 3143 53.40 25.12 12.84 15.42 46.60
242 776 3162 48.05 23.51 9.60 14.92 51.95
243 770 3174 45.53 21.61 9.42 14.48 54.47
244 763 3156 48.32 24.86 8.99 14.46 51.68
245 735 3102 48.12 25.40 7.86 14.85 51.88
246 746 3099 40.54 18.45 11.51 10.56 59.46
247 742 3065 32.10 17.17 11.65 3.26 67.90
248 738 3046 44.07 18.40 11.46 14.20 55.93
249 733 3182 46.15 20.44 11.21 14.47 53.85
250 740 3175 40.79 18.18 13.05 9.54 59.21
251 726 3124 47.53 24.90 18.32 4.28 52.47
252 720 3089 38.47 19.15 14.10 5.19 61.53
253 715 3055 35.34 13.51 7.56 14.25 64.66
254 712 3037 34.36 14.26 7.77 12.31 65.64
255 721 3157 38.66 16.46 7.88 14.29 61.34
256 734 3170 31.70 13.23 9.06 9.39 68.30
257 754 3161 38.53 18.66 13.29 6.57 61.47
258 752 3144 35.57 13.12 8.11 14.31 64.43
259 746 3167 38.58 15.87 9.39 13.31 61.42
260 726 3117 30.70 17.26 9.97 3.45 69.30
261 693 3047 64.46 32.33 16.05 16.05 35.54
262 706 3187 45.06 19.55 10.23 15.25 54.94
263 685 3168 40.67 15.81 9.86 14.99 59.33
264 665 3149 53.12 25.29 14.26 13.55 46.88
265 671 3105 51.12 27.98 15.91 7.21 48.88
266 682 3103 36.59 18.53 14.84 3.19 63.41
267 661 3052 31.74 17.59 11.38 2.75 68.26
268 673 3050 35.38 18.18 14.16 3.01 64.62
269 775 3224 33.63 13.01 15.92 4.68 66.37
270 753 3224 28.80 9.75 14.23 4.80 71.20
271 728 3199 32.03 10.00 11.04 10.96 67.97
272 706 3194 34.17 9.34 10.71 14.09 65.83
273 904 3241 49.11 15.45 18.81 14.83 50.89
274 883 3221 40.93 14.86 10.87 15.18 59.07
275 631 3015 87.58 51.90 21.60 14.06 12.42
276 631 3015 87.58 51.90 21.60 14.06 12.42559 3033 96.18 55.50 23.54 17.12 3.82
277 754 3213 58.69 31.05 13.08 14.54 41.31
278 723 3168 48.63 23.15 11.30 14.16 51.37
279 713 3192 44.20 22.09 8.48 13.61 55.80
280 718 3216 52.45 31.30 15.48 5.65 47.55
281 696 3196 46.06 20.63 13.92 11.49 53.94
282 692 3178 42.58 17.94 10.95 13.67 57.42
283 701 3159 39.36 17.73 8.06 13.55 60.64
284 699 3142 42.31 20.04 13.33 8.91 57.69
285 695 3124 31.56 16.80 12.83 1.90 68.44
286 661 3088 29.04 16.12 11.25 1.65 70.96
287 650 3203 36.24 19.69 13.53 3.00 63.76
288 658 3197 40.94 18.07 9.20 13.66 59.06
289 662 3186 43.96 19.16 11.02 13.76 56.04
290 659 3169 30.57 16.88 11.53 2.14 69.43
291 659 3139 29.19 16.03 11.10 2.04 70.81
292 748 3192 44.46 25.11 16.10 3.23 55.54
293 689 3268 43.88 27.33 13.61 2.92 56.12
294 704 3247 41.31 27.48 11.56 2.26 58.69
295 697 3236 32.80 21.64 9.59 1.55 67.20
296 687 3201 47.62 33.28 12.33 1.99 52.38
297 659 3149 51.03 33.75 14.44 2.82 48.97
298 676 3280 35.63 24.37 9.84 1.40 64.37
299 653 3229 44.52 30.11 9.32 5.07 55.48
300 665 3216 44.60 25.52 5.79 13.28 55.40
301 661 3200 46.03 24.71 8.02 13.29 53.97
302 745 3381 38.47 17.46 7.21 13.78 61.53
303 756 3376 38.18 8.34 15.06 14.76 61.82
304 726 3378 38.84 9.02 13.77 16.03 61.16
305 745 3349 30.92 7.44 9.55 13.92 69.08
306 741 3346 30.22 8.70 8.05 13.45 69.78
307 705 3295 38.25 14.21 10.69 13.34 61.75
308 693 3271 49.12 28.06 10.32 10.72 50.88
309 683 3262 44.43 23.28 9.54 11.60 55.57
310 769 3348 46.63 22.26 10.51 13.84 53.37
311 773 3339 42.16 17.86 10.45 13.83 57.84
312 785 3414 34.76 14.41 8.01 12.31 65.24
313 793 3408 37.44 20.60 14.86 1.97 62.56
314 776 3338 39.28 21.45 13.00 4.81 60.72
315 766 3277 37.77 16.63 7.58 13.55 62.23
316 750 3245 41.54 17.64 9.96 13.92 58.46
317 762 3242 28.64 12.56 6.03 10.03 71.36
318 750 3335 37.99 23.79 11.51 2.68 62.01
319 745 3301 26.38 15.12 9.22 2.03 73.62
320 743 3284 30.85 17.11 12.03 1.69 69.15
321 737 3248 26.06 14.59 9.67 1.78 73.94
322 732 3213 30.77 16.33 12.16 2.26 69.23
323 727 3194 33.60 17.67 13.53 2.38 66.40
324 735 3365 33.47 17.97 12.99 2.49 66.53
325 731 3346 33.64 16.90 12.77 3.95 66.36
326 726 3311 33.91 13.60 7.04 13.25 66.09
327 723 3294 35.11 13.92 7.89 13.28 64.89
328 716 3272 33.96 18.66 11.70 3.57 66.04
329 710 3252 37.51 20.03 15.40 2.07 62.49
330 730 3383 34.58 18.42 12.41 3.73 65.42
331 1179 3622 40.96 16.47 10.99 13.48 59.04
332 1190 3619 41.55 17.67 10.48 13.38 58.45
333 1161 3560 37.09 16.32 9.17 11.58 62.91
334 1164 3568 54.64 28.07 11.34 15.22 45.36
335 1111 3499 48.77 23.65 11.22 13.88 51.23
336 1099 3630 65.71 32.27 17.58 15.84 34.29
337 1052 3601 53.50 18.40 18.09 17.00 46.50
338 1051 3604 39.45 16.40 9.23 13.80 60.55
339 1048 3601 49.05 19.57 15.99 13.48 50.95
340 1001 3540 53.92 24.71 15.36 13.84 46.08
341 1004 3530 49.84 24.62 11.37 13.82 50.16
342 980 3477 52.12 26.17 12.78 13.16 47.88
343 981 3528 55.34 28.60 13.28 13.43 44.66
344 961 3479 45.41 21.04 10.30 14.05 54.59
345 972 3490 47.81 22.00 11.84 13.96 52.19
346 973 3478 50.16 28.08 15.67 6.39 49.84
347 947 3422 48.16 25.83 10.62 11.69 51.84
348 942 3403 47.89 22.62 12.29 12.97 52.11
349 963 3410 47.71 28.93 16.32 2.44 52.29
350 958 3517 46.98 28.29 16.35 2.32 53.02
351 957 3503 48.60 27.14 14.27 7.17 51.40
352 951 3482 46.30 21.08 11.07 14.13 53.70
353 943 3445 46.37 23.77 11.98 10.61 53.63
354 928 3417 36.80 18.32 7.90 10.56 63.20
355 880 3323 58.70 31.89 12.77 14.02 41.30
356 937 3509 56.67 34.02 15.85 6.77 43.33
357 930 3447 33.52 20.49 11.22 1.80 66.48
358 927 3457 34.24 20.03 12.06 2.13 65.76
359 921 3421 38.00 22.15 13.33 2.50 62.00
360 841 3327 40.82 24.98 12.76 3.07 59.18
361 817 3438 28.28 16.21 10.31 1.75 71.72
362 701 3315 69.06 36.65 15.90 16.48 30.94
363 693 3316 62.69 31.99 14.58 16.10 37.31
364 711 3261 62.94 36.04 12.24 14.64 37.06
365 698 3235 60.70 35.96 15.25 9.48 39.30
366 685 3208 62.53 34.34 13.75 14.42 37.47
367 642 3138 52.45 29.80 7.75 14.88 47.55
368 635 3221 67.36 37.50 14.60 15.24 32.64
369 721 3349 67.37 32.27 18.37 16.71 32.63
370 681 3347 58.32 23.35 17.73 17.22 41.68
371 683 3322 50.24 23.03 12.38 14.82 49.76
372 678 3316 50.69 23.25 14.01 13.40 49.31
373 668 3291 57.88 26.97 17.29 13.59 42.12
374 634 3228 54.98 31.37 13.00 10.58 45.02
375 630 3210 49.68 31.08 14.96 3.62 50.32
376 600 3228 59.55 37.91 17.82 3.80 40.45
377 597 3226 55.56 31.51 13.68 10.35 44.44
378 591 3190 53.60 28.63 11.05 13.89 46.40
379 580 3179 63.71 34.86 13.40 15.43 36.29
380 578 3142 62.36 33.83 14.56 13.96 37.64
381 499 3020 77.38 43.64 17.79 15.92 22.62
382 479 3095 68.37 39.29 15.03 14.03 31.63
383 419 3053 72.91 42.48 15.47 14.95 27.09
384 429 3049 61.94 36.37 11.75 13.81 38.06
385 426 3032 66.76 37.47 14.81 14.47 33.24
386 412 3006 63.23 35.85 12.47 14.90 36.77
387 392 2957 59.85 33.42 13.09 13.31 40.15
388 388 2938 49.33 32.22 14.00 3.08 50.67
389 719 3234 55.26 32.90 19.03 3.31 44.74
390 692 3208 52.60 33.35 11.55 7.68 47.40
391 689 3205 54.91 29.42 11.58 13.89 45.09
392 622 3161 57.61 31.78 11.69 14.13 42.39
393 687 3205 68.36 34.89 16.46 16.99 31.64
394 655 3186 77.81 43.02 21.40 13.38 22.19
395 596 3253 71.05 39.94 16.16 14.94 28.95
396 584 3244 59.40 33.92 11.16 14.29 40.60
397 583 3228 54.32 29.96 10.47 13.86 45.68
398 598 3229 46.65 30.38 10.73 5.52 53.35
399 581 3182 42.04 28.56 11.70 1.76 57.96
400 592 3179 45.65 29.27 14.14 2.22 54.35
401 631 3176 59.60 36.25 12.92 10.41 40.40
402 631 3374 49.89 26.22 9.54 14.12 50.11
403 648 3434 51.95 21.39 14.43 16.11 48.05
404 649 3403 46.07 21.16 13.99 10.90 53.93
405 649 3403 38.47 23.30 13.54 1.61 61.53
406 612 3350 46.44 22.84 13.98 9.60 53.56
407 607 3331 58.70 32.15 12.14 14.39 41.30
408 604 3314 56.51 30.86 11.34 14.29 43.49
409 596 3291 53.18 29.20 9.60 14.36 46.82
410 591 3271 52.83 29.35 9.96 13.50 47.17
411 595 3354 55.76 34.52 14.94 6.27 44.24
412 561 3269 62.32 38.59 14.01 9.70 37.68
413 556 3235 49.70 26.73 8.83 14.12 50.30
414 539 3203 65.95 38.50 13.29 14.14 34.05
415 426 3077 62.72 35.40 12.78 14.52 37.28
416 393 3125 48.92 32.46 11.53 4.91 51.08
417 398 3132 56.30 39.24 14.30 2.73 43.70
418 440 3211 48.41 30.32 12.88 5.18 51.59
419 434 3193 52.23 36.13 11.26 4.83 47.77
420 416 3164 63.96 37.17 12.66 14.10 36.04
421 383 3106 59.62 37.52 8.33 13.76 40.38
422 409 3135 55.80 32.53 9.65 13.60 44.20
423 389 3101 53.05 30.39 9.29 13.35 46.95
424 377 3070 59.25 34.91 10.20 14.12 40.75
425 377 3182 68.63 41.81 12.41 14.39 31.37
426 353 3162 63.52 41.60 13.19 8.70 36.48
427 345 3141 50.46 34.85 13.14 2.45 49.54
428 358 3139 44.08 30.21 12.08 1.77 55.92
429 334 3087 56.45 37.52 16.40 2.52 43.55
430 329 3068 47.82 31.52 14.15 2.14 52.18
431 323 3054 47.09 32.29 12.78 1.99 52.91
432 323 3143 52.35 29.88 10.43 12.03 47.65
433 305 3110 54.71 30.64 10.16 13.90 45.29
434 294 3063 55.62 30.87 10.91 13.82 44.38
435 376 3196 53.49 31.07 13.66 8.75 46.51
436 322 3192 47.54 23.47 19.57 4.48 52.46
437 328 3167 47.78 24.52 19.16 4.07 52.22
438 346 3164 37.70 21.90 13.91 1.87 62.30
439 339 3157 49.57 23.45 13.44 12.66 50.43
440 305 3108 54.68 28.51 12.31 13.84 45.32
441 300 3074 49.91 28.61 7.65 13.63 50.09
442 297 3056 51.24 28.43 9.21 13.58 48.76
443 293 3023 46.69 28.50 12.96 5.21 53.31
444 280 3081 55.97 33.38 16.33 6.24 44.03
445 289 3106 55.70 29.58 11.92 14.17 44.30
446 284 3072 51.33 29.29 8.24 13.78 48.67
447 252 3002 54.42 29.16 11.12 14.12 45.58
448 262 3020 60.39 34.03 12.86 13.48 39.61
449 501 3159 51.49 27.81 9.69 13.97 48.51
450 501 3145 42.31 26.83 11.52 3.94 57.69
451 469 3238 43.11 29.22 11.51 2.36 56.89
452 495 3273 51.19 29.23 9.55 12.39 48.81
453 465 3191 64.01 37.80 12.33 13.86 35.99
454 464 3160 52.48 28.68 10.07 13.71 47.52
455 476 3158 52.66 28.06 10.56 14.03 47.34
456 476 3143 49.93 27.12 9.27 13.52 50.07
457 481 3275 46.07 27.01 9.55 9.50 53.93
458 445 3193 56.80 30.61 12.13 14.04 43.20
459 439 3189 58.12 33.20 10.33 14.56 41.88
460 436 3156 53.19 28.53 10.48 14.16 46.81
461 433 3138 51.73 32.28 14.26 5.17 48.27
462 427 3103 48.05 32.06 13.35 2.62 51.95
463 507 3324 54.94 32.54 13.28 9.10 45.06
464 517 3321 53.32 29.24 10.03 14.04 46.68
465 514 3288 48.40 26.08 8.41 13.89 51.60
466 507 3251 50.69 28.97 8.15 13.56 49.31
467 503 3233 49.41 26.19 9.04 14.16 50.59
468 513 3338 46.48 28.40 10.67 7.38 53.52
469 543 3397 42.54 22.44 16.07 4.01 57.46
470 543 3389 42.27 20.63 17.37 4.24 57.73
471 518 3369 32.09 21.37 9.04 1.67 67.91
472 515 3366 42.36 24.28 15.68 2.38 57.64
473 469 3290 53.02 33.28 16.54 3.17 46.98
474 473 3280 53.20 29.19 10.48 13.51 46.80
475 439 3194 59.83 34.02 12.08 13.71 40.17
476 459 3278 56.30 32.01 10.77 13.50 43.70
477 455 3260 53.98 30.57 9.21 14.18 46.02
478 452 3243 46.96 26.48 9.46 11.00 53.04
479 413 3188 58.72 38.32 15.71 4.67 41.28
480 400 3146 54.73 34.54 15.21 4.96 45.27
481 394 3124 53.71 35.69 13.48 4.52 46.29
482 402 3118 48.95 26.15 9.36 13.42 51.05
483 380 3236 48.70 28.03 12.13 8.52 51.30
484 391 3232 51.51 31.17 15.08 5.23 48.49
485 368 3195 56.28 29.95 12.55 13.76 43.72
486 434 3213 54.74 30.09 10.55 14.07 45.26
487 432 3196 50.27 26.21 10.26 13.78 49.73
488 427 3161 34.19 24.02 8.33 1.82 65.81
489 422 3266 32.82 23.94 7.49 1.38 67.18
490 399 3249 42.16 27.15 7.05 7.94 57.84
491 407 3258 44.65 22.13 8.42 14.08 55.35
492 405 3240 45.69 24.32 7.92 13.44 54.31
493 374 3195 53.59 31.73 11.73 10.11 46.41
494 569 3443 78.82 42.53 20.50 15.77 21.18
495 564 3427 40.45 16.83 9.55 14.05 59.55
496 545 3377 27.65 9.73 5.58 12.32 72.35
497 538 3340 31.52 13.03 6.81 11.66 68.48
498 544 3316 12.91 7.90 3.92 1.07 87.09
499 461 3343 44.18 21.27 11.02 11.87 55.82
500 474 3357 20.85 4.46 4.61 11.77 79.15
501 472 3341 20.97 11.76 8.16 1.03 79.03
502 536 3446 23.41 9.26 8.50 5.63 76.59
503 511 3446 29.50 3.78 9.99 15.71 70.50
504 483 3420 20.99 2.97 4.76 13.24 79.01
505 485 3422 20.37 5.06 8.07 7.21 79.63
506 773 3566 35.27 14.30 15.22 5.73 64.73
507 771 3551 29.86 10.94 5.47 13.43 70.14
508 783 3550 25.90 8.25 4.50 13.15 74.10
509 762 3531 21.95 11.73 7.10 3.11 78.05
510 745 3636 23.56 10.28 7.21 6.05 76.44
511 723 3600 28.86 9.95 5.17 13.72 71.14
512 724 3571 22.93 8.71 5.28 8.91 77.07
513 704 3553 23.81 13.47 8.01 2.31 76.19
514 678 3483 24.99 15.41 7.40 2.16 75.01
515 615 3421 21.53 11.70 6.22 3.58 78.47
516 604 3553 26.28 11.22 7.69 7.35 73.72
517 619 3554 23.29 13.54 8.30 1.43 76.71
518 607 3527 17.72 9.49 6.61 1.61 82.28
519 588 3478 17.26 9.05 5.19 3.00 82.74
520 584 3459 34.27 13.44 7.69 13.13 65.73
521 588 3435 29.42 10.35 5.78 13.27 70.58
522 583 3540 29.50 14.00 6.91 8.58 70.50
523 581 3524 20.33 11.29 7.31 1.71 79.67
524 577 3520 31.12 10.64 6.65 13.81 68.88
525 501 3433 31.58 18.16 4.75 8.65 68.42
526 408 3329 76.17 55.08 13.82 7.25 23.83
527 291 3188 61.53 45.11 12.41 3.99 38.47
528 244 3088 60.89 38.95 16.96 4.96 39.11
529 109 3176 65.86 42.43 15.49 7.92 34.14
530 118 3217 57.00 28.17 13.98 14.82 43.00
531 109 3269 36.55 18.47 10.03 8.03 63.45
532 107 3274 33.28 20.93 9.50 2.83 66.72
533 113 3239 27.19 14.36 10.63 2.18 72.81
534 157 3424 24.65 6.35 5.48 12.80 75.35
535 106 3396 15.55 4.00 9.00 2.55 84.45
536 94 3398 5.94 1.72 3.75 0.45 94.06
537 194 3407 21.79 9.15 10.41 2.22 78.21
538 142 3341 28.96 18.18 8.92 1.85 71.04
539 116 3270 24.75 13.15 9.72 1.86 75.25
540 113 3252 13.66 6.52 6.17 0.96 86.34
541 227 3399 26.29 14.64 8.33 3.30 73.71
542 238 3511 21.82 13.33 7.04 1.43 78.18
543 246 3504 14.53 6.78 6.42 1.31 85.47
544 245 3473 28.66 13.63 9.58 5.43 71.34
545 241 3456 29.52 9.97 6.13 13.40 70.48
546 227 3434 32.88 10.87 6.74 15.25 67.12
547 209 3386 18.62 10.46 5.93 2.22 81.38
548 214 3520 17.97 9.70 7.30 0.95 82.03
549 211 3502 21.76 13.73 6.91 1.10 78.24
550 239 3516 27.41 10.26 5.89 11.23 72.59
551 254 3517 28.36 10.58 7.60 10.16 71.64
552 183 3417 41.51 23.71 13.04 4.75 58.49
553 162 3366 36.54 20.04 14.52 1.96 63.46
554 173 3493 39.98 18.86 10.77 10.33 60.02
555 147 3472 46.42 26.11 13.77 6.52 53.58
556 108 3403 45.27 21.70 9.31 14.24 54.73
557 110 3269 39.30 19.49 8.41 11.38 60.70
558 111 3242 34.49 17.31 8.33 8.83 65.51
559 156 3266 53.89 26.60 12.71 14.56 46.11
560 167 3278 32.14 14.54 11.49 6.09 67.86
561 190 3290 41.79 24.41 14.49 2.86 58.21
562 280 3285 53.25 29.55 20.68 3.01 46.75
563 851 1713 72.76 32.45 31.90 8.39 27.24
564 851 1713 72.76 32.45 31.90 8.39 27.24934 3159 98.70 50.65 36.49 11.54 1.30
565 799 3175 86.94 56.72 18.25 11.95 13.06
566 818 3289 35.16 16.85 14.09 4.21 64.84
567 831 3276 36.04 17.14 14.20 4.68 63.96
568 817 3275 20.30 6.43 10.69 3.16 79.70
569 822 3246 23.18 9.51 12.27 1.38 76.82
570 817 3242 17.23 6.34 9.62 1.25 82.77
571 779 3189 28.71 13.64 13.22 1.84 71.29
572 759 3156 29.68 17.56 10.32 1.78 70.32
573 771 3153 41.27 22.07 16.14 3.04 58.73
574 757 3125 43.47 24.42 16.82 2.21 56.53
575 699 3078 45.29 27.97 15.38 1.91 54.71
576 816 3181 41.37 23.09 16.48 1.78 58.63
577 794 3129 41.42 30.43 9.04 1.93 58.58
578 709 3031 59.57 40.68 14.07 4.80 40.43
579 776 3092 37.49 21.37 13.71 2.39 62.51
580 699 3018 47.45 30.14 14.57 2.72 52.55
581 656 3134 62.05 42.46 16.20 3.37 37.95
582 667 3146 45.00 31.08 12.08 1.82 55.00
583 633 3084 54.97 38.48 13.03 3.44 45.03
584 638 3075 48.43 32.22 14.08 2.10 51.57
585 580 3050 55.53 36.04 16.65 2.82 44.47
586 651 3108 66.23 39.91 18.75 7.54 33.77
587 628 3056 58.69 35.54 16.42 6.71 41.31
588 605 2997 54.24 35.39 12.28 6.55 45.76
589 588 2941 56.16 34.21 16.11 5.82 43.84
590 618 3074 60.67 36.61 19.13 4.91 39.33
591 608 3085 51.73 31.80 13.63 6.28 48.27
592 598 3046 58.71 30.94 12.22 15.53 41.29
593 591 3025 57.26 29.55 12.30 15.40 42.74
594 539 2921 57.77 36.61 15.53 5.61 42.23
595 532 2884 50.88 31.70 13.89 5.27 49.12
596 542 2880 54.93 29.74 9.80 15.37 45.07
597 533 2997 54.97 33.28 14.25 7.42 45.03
598 524 2959 49.69 31.11 14.11 4.45 50.31
599 522 2943 51.18 32.13 14.62 4.42 48.82
600 539 3051 57.30 28.26 21.70 7.32 42.70
